-1.51643
-1.02962
-1.75928
-1.7033
-0.591471
-0.871123
-1.11721
-2.00205
-0.207313
-1.38495
-3.42584
7.0575
-4.95822
2.42418
-2.3352
-3.56423
-6.03404
3.3853
2.63023
-3.44456
4.44214
-0.013
1.55753
0.860585
-2.97038
-4.67926
-4.51369
0.682299
-2.72296
1.59916
0.985844
-1.81108
-4.55592
1.89301
1.84101
-0.873571
2.86878
-4.49482
-1.93431
-3.52672
-4.03569
-2.17647
2.26046
4.70341
-3.64798
4.11823
-3.6381
3.40421
-5.77455
-3.61054
-5.49456
-2.01766
-0.819072
-5.74966
6.60086
-2.79577
-6.07286
5.20425
-3.83269
3.80205
-4.11651
4.30537
4.83051
-5.03693
-2.58106
-3.95824
3.78531
-3.21436
-4.48392
-2.225
1.39918
-1.55713
-2.73814
-4.18903
-4.70984
3.94186
-0.650048
-0.620986
0.348829
3.03454
-3.83588
-5.64393
2.10099
0.973735
-1.51385
-1.84667
-1.33856
-2.03412
4.58397
1.45556
-1.69597
-0.322739
-1.45956
-0.352935
-1.50408
-0.429482
-0.75286
-1.88158
-1.40053
2.28894
