-3.84783
1.28729
-7.46996
11.3519
4.23723
-3.78836
12.1664
-1.55893
5.12252
-10.2522
1.22235
5.42291
-1.02497
-5.94898
-0.494506
-12.0153
8.25921
-7.07214
2.90236
5.69654
-4.31366
2.29034
2.59795
5.78367
-7.08691
2.28504
-1.13617
8.70662
-2.53755
8.84589
-5.11516
-6.91536
1.9141
-0.630757
2.75108
2.80642
-0.344948
-1.6304
6.13735
7.89699
3.7552
0.801657
-15.1503
-4.95254
-3.79515
3.57092
-3.33993
0.353648
4.41996
6.91334
13.8302
8.64907
1.09622
-0.505626
4.28544
6.4746
-1.98714
-5.26294
0.77645
-1.21988
-1.08458
9.7482
7.00589
-8.82669
-1.92339
11.023
-7.57136
-5.30999
-3.29052
-0.251887
4.26894
-3.57001
0.130656
10.0176
5.69063
-7.61755
-2.90653
-6.79296
-2.4609
-4.61647
-14.7739
-2.42168
2.16041
-0.456048
3.72017
4.47082
2.31217
-1.48674
-8.73319
-5.14537
3.44791
-12.2172
3.79888
-2.49914
-9.55119
-11.779
-1.44023
-0.781182
1.0513
-2.28264
