8.85646
-6.80486
-2.99265
-8.34708
-6.73672
-12.0651
-3.36309
8.66187
-7.09286
-10.7479
-2.69124
-3.10864
-8.34318
2.07538
5.53418
0.128744
6.00102
3.25495
-3.55257
-7.2497
-3.93348
-0.0870383
-3.11391
2.0141
-6.89884
8.41306
-7.20208
-5.44175
-8.6377
-5.99012
-3.65696
2.98461
-0.95324
4.53971
-8.60889
-6.75302
5.60861
2.62732
6.05827
-11.265
-0.218714
-3.5649
6.09297
-4.28153
3.50597
2.7408
-3.38716
-3.60226
2.37502
-2.24334
-0.764515
3.4452
-3.76148
-8.66956
-2.22569
7.36122
3.44365
-4.03295
4.59176
2.95239
-4.48709
3.60681
2.17006
-2.0129
4.82971
-1.62333
2.78116
-3.37822
-4.35197
-5.10892
-2.75028
9.07609
-1.87907
-8.94854
-0.388509
-2.83674
-2.34627
-1.4586
-11.2896
-0.550477
-6.63185
-2.20309
5.32616
-5.66762
0.928955
-6.69129
-0.93029
1.85921
-8.03072
0.172202
-10.6419
1.36561
-6.5159
5.34329
3.36831
-4.71069
-7.06832
7.90323
6.71076
4.51824
