-7.57895
1.29513
1.97322
4.64727
-7.39531
-2.83743
-1.38968
-3.21334
-3.27605
-8.88105
-4.51251
4.47536
-7.07936
-1.45246
-0.952784
4.15106
6.02217
0.780604
-3.70944
-3.53247
1.26574
2.44111
-1.88243
-0.382702
0.838121
2.11877
-0.132803
-8.47697
7.62008
6.99265
-6.56432
5.70152
0.498271
-5.84432
-0.828021
-5.8953
-0.743896
5.70965
-8.35615
-2.8654
-3.26784
-3.82948
-0.775424
-2.96846
3.1659
-3.08691
4.78293
2.51394
-8.56057
4.61142
2.34801
-1.55564
-7.25585
3.88259
-7.29172
-0.0383166
-10.1739
1.59997
-3.85474
5.95876
-1.23927
-0.83251
-1.07523
2.09527
1.14289
0.234859
-1.66835
-0.601723
-2.05105
-2.20124
2.52567
-5.64186
-3.31452
-5.06217
3.25198
2.76794
-6.0275
2.38772
-5.35227
-3.99662
-6.91872
3.03823
-3.60794
-1.02413
0.487529
-6.14107
-6.94383
2.95245
3.84341
2.72923
7.52354
-8.98641
2.19459
-4.27422
-3.31288
-8.15362
1.07021
-1.91889
-8.07611
-5.05099
